

before naked twins


  234568   234568     7    |  34568      1      23689  |  234568   345689    248   
 2345689   234568  1234569 |  345678  23456789  236789 | 2345678   34678    124578 
 2345689  1234568   23456  |  345678  23456789  236789 |  234678  3456789   124578 
---------------------------+---------------------------+---------------------------
    36       9        8    |    1        36       5    |    47       2        47   
   567      567       56   |    2       678       4    |    9        1        3    
    1        24       24   |    9        37       37   |    58       58       6    
---------------------------+---------------------------+---------------------------
 23456789 12345678  12346  |  345678  23456789 1236789 | 2345678   345678   24578  
 23456789 1234678  1234569 |  345678  23456789 1236789 | 2345678   345678   24578  
  234678  2345678   23456  |  345678  2345678   23678  |    1      345678     9    
Naked twins in the above board
[['F2', 'F3'], ['F5', 'F6'], ['F7', 'F8'], ['D9', 'D7'], ['D5', 'D1']]


after naked twins


  234568   234568     7    |  34568      1      23689  |  234568   345689    248   
 2345689   234568  1234569 |  345678  23456789  236789 | 2345678   34678    124578 
 2345689  1234568   23456  |  345678  23456789  236789 |  234678  3456789   124578 
---------------------------+---------------------------+---------------------------
    36       9        8    |    1        36       5    |    47       2        47   
   567      567       56   |    2        68       4    |    9        1        3    
    1        24       24   |    9        37       37   |    58       58       6    
---------------------------+---------------------------+---------------------------
 23456789 12345678  12346  |  345678  23456789 1236789 | 2345678   345678   24578  
 23456789 1234678  1234569 |  345678  23456789 1236789 | 2345678   345678   24578  
  234678  2345678   23456  |  345678  2345678   23678  |    1      345678     9    


before naked twins


   2456    234568     7    |  34568      1      23689  |  234568   345689     24   
  245689   23456   1234569 |  345678   234579   236789 | 2345678    3467    124578 
  245689  1234568   23456  |  345678   234579   236789 |  23467   3456789   124578 
---------------------------+---------------------------+---------------------------
    3        9        8    |    1        6        5    |    47       2        47   
   567      567       56   |    2        8        4    |    9        1        3    
    1        24       24   |    9        37       37   |    58       58       6    
---------------------------+---------------------------+---------------------------
 2456789  12345678  12346  |  345678   234579  1236789 |  234567   345678   24578  
 2456789   123467  1234569 |  345678   234579  1236789 | 2345678   34567    24578  
   2467   2345678   23456  |  345678   23457    23678  |    1      345678     9    
Naked twins in the above board
[['F2', 'F3'], ['F5', 'F6'], ['F7', 'F8'], ['D9', 'D7']]


after naked twins


   2456    234568     7    |  34568      1      23689  |  234568   345689     24   
  245689   23456   1234569 |  345678   234579   236789 | 2345678    3467    124578 
  245689  1234568   23456  |  345678   234579   236789 |  23467   3456789   124578 
---------------------------+---------------------------+---------------------------
    3        9        8    |    1        6        5    |    47       2        47   
   567      567       56   |    2        8        4    |    9        1        3    
    1        24       24   |    9        37       37   |    58       58       6    
---------------------------+---------------------------+---------------------------
 2456789  12345678  12346  |  345678   234579  1236789 |  234567   345678   24578  
 2456789   123467  1234569 |  345678   234579  1236789 | 2345678   34567    24578  
   2467   2345678   23456  |  345678   23457    23678  |    1      345678     9    


before naked twins


   456     34568      7    |  34568      1       3689  |  34568    345689     2    
  245689   23456   1234569 |  345678   234579   236789 |  345678    3467    14578  
  245689  1234568   23456  |  345678   234579   236789 |   3467   3456789   14578  
---------------------------+---------------------------+---------------------------
    3        9        8    |    1        6        5    |    47       2        47   
   567      567       56   |    2        8        4    |    9        1        3    
    1        24       24   |    9        37       37   |    58       58       6    
---------------------------+---------------------------+---------------------------
 2456789  12345678   1346  |  345678   234579  1236789 |  234567   345678    4578  
 2456789   13467   1234569 |  345678   234579  1236789 | 2345678   34567     4578  
   467    2345678   23456  |  345678   23457    23678  |    1      345678     9    
Naked twins in the above board
[['F2', 'F3'], ['F5', 'F6'], ['F7', 'F8'], ['D9', 'D7']]


after naked twins


   456     34568      7    |  34568      1       3689  |  34568    345689     2    
  245689   23456   1234569 |  345678   234579   236789 |  345678    3467    14578  
  245689  1234568   23456  |  345678   234579   236789 |   3467   3456789   14578  
---------------------------+---------------------------+---------------------------
    3        9        8    |    1        6        5    |    47       2        47   
   567      567       56   |    2        8        4    |    9        1        3    
    1        24       24   |    9        37       37   |    58       58       6    
---------------------------+---------------------------+---------------------------
 2456789  12345678   1346  |  345678   234579  1236789 |  234567   345678    4578  
 2456789   13467   1234569 |  345678   234579  1236789 | 2345678   34567     4578  
   467    2345678   23456  |  345678   23457    23678  |    1      345678     9    


before naked twins


   456     34568      7    |  34568      1       3689  |   3568    345689     2    
  245689   23456   1234569 |  345678   234579   236789 |  35678     3467    14578  
  245689  1234568   23456  |  345678   234579   236789 |   367    3456789   14578  
---------------------------+---------------------------+---------------------------
    3        9        8    |    1        6        5    |    4        2        7    
   567      567       56   |    2        8        4    |    9        1        3    
    1        24       24   |    9        37       37   |    58       58       6    
---------------------------+---------------------------+---------------------------
 2456789  12345678   1346  |  345678   234579  1236789 |  23567    345678    4578  
 2456789   13467   1234569 |  345678   234579  1236789 |  235678   34567     4578  
   467    2345678   23456  |  345678   23457    23678  |    1      345678     9    
Naked twins in the above board
[['F2', 'F3'], ['F5', 'F6'], ['F7', 'F8']]


after naked twins


   456     34568      7    |  34568      1       3689  |   3568    345689     2    
  245689   23456   1234569 |  345678   234579   236789 |  35678     3467    14578  
  245689  1234568   23456  |  345678   234579   236789 |   367    3456789   14578  
---------------------------+---------------------------+---------------------------
    3        9        8    |    1        6        5    |    4        2        7    
   567      567       56   |    2        8        4    |    9        1        3    
    1        24       24   |    9        37       37   |    58       58       6    
---------------------------+---------------------------+---------------------------
 2456789  12345678   1346  |  345678   234579  1236789 |  23567    345678    4578  
 2456789   13467   1234569 |  345678   234579  1236789 |  235678   34567     4578  
   467    2345678   23456  |  345678   23457    23678  |    1      345678     9    


before naked twins


   456     34568      7    |  34568      1       3689  |   3568    345689     2    
  245689   23456   1234569 |  345678   234579   236789 |  35678     3467     1458  
  245689  1234568   23456  |  345678   234579   236789 |   367    3456789    1458  
---------------------------+---------------------------+---------------------------
    3        9        8    |    1        6        5    |    4        2        7    
   567      567       56   |    2        8        4    |    9        1        3    
    1        24       24   |    9        37       37   |    58       58       6    
---------------------------+---------------------------+---------------------------
 2456789  12345678   1346  |  345678   234579  1236789 |  23567    345678    458   
 2456789   13467   1234569 |  345678   234579  1236789 |  235678   34567     458   
   467    2345678   23456  |  345678   23457    23678  |    1      345678     9    
Naked twins in the above board
[['F2', 'F3'], ['F5', 'F6'], ['F7', 'F8']]


after naked twins


   456     34568      7    |  34568      1       3689  |   3568    345689     2    
  245689   23456   1234569 |  345678   234579   236789 |  35678     3467     1458  
  245689  1234568   23456  |  345678   234579   236789 |   367    3456789    1458  
---------------------------+---------------------------+---------------------------
    3        9        8    |    1        6        5    |    4        2        7    
   567      567       56   |    2        8        4    |    9        1        3    
    1        24       24   |    9        37       37   |    58       58       6    
---------------------------+---------------------------+---------------------------
 2456789  12345678   1346  |  345678   234579  1236789 |  23567    345678    458   
 2456789   13467   1234569 |  345678   234579  1236789 |  235678   34567     458   
   467    2345678   23456  |  345678   23457    23678  |    1      345678     9    


before naked twins


   456     34568      7    |  34568      1       3689  |   3568    345689     2    
  245689   23456    123469 |  345678   234579   236789 |  35678     3467     1458  
  245689  1234568    2346  |  345678   234579   236789 |   367    3456789    1458  
---------------------------+---------------------------+---------------------------
    3        9        8    |    1        6        5    |    4        2        7    
    67       67       5    |    2        8        4    |    9        1        3    
    1        24       24   |    9        37       37   |    58       58       6    
---------------------------+---------------------------+---------------------------
 2456789  12345678   1346  |  345678   234579  1236789 |  23567    345678    458   
 2456789   13467    123469 |  345678   234579  1236789 |  235678   34567     458   
   467    2345678    2346  |  345678   23457    23678  |    1      345678     9    
Naked twins in the above board
[['F2', 'F3'], ['F5', 'F6'], ['F7', 'F8'], ['E1', 'E2']]


after naked twins


   456     34568      7    |  34568      1       3689  |   3568    345689     2    
  245689   23456    123469 |  345678   234579   236789 |  35678     3467     1458  
  245689  1234568    2346  |  345678   234579   236789 |   367    3456789    1458  
---------------------------+---------------------------+---------------------------
    3        9        8    |    1        6        5    |    4        2        7    
    67       67       5    |    2        8        4    |    9        1        3    
    1        24       24   |    9        37       37   |    58       58       6    
---------------------------+---------------------------+---------------------------
 2456789  12345678   1346  |  345678   234579  1236789 |  23567    345678    458   
 2456789   13467    123469 |  345678   234579  1236789 |  235678   34567     458   
   467    2345678    2346  |  345678   23457    23678  |    1      345678     9    


before naked twins


    45     34568      7    |  34568      1       3689  |   3568    345689     2    
  24589    23456    123469 |  345678   234579   236789 |  35678     3467     1458  
  24589   1234568    2346  |  345678   234579   236789 |   367    3456789    1458  
---------------------------+---------------------------+---------------------------
    3        9        8    |    1        6        5    |    4        2        7    
    6        7        5    |    2        8        4    |    9        1        3    
    1        24       24   |    9        37       37   |    58       58       6    
---------------------------+---------------------------+---------------------------
  245789  12345678   1346  |  345678   234579  1236789 |  23567    345678    458   
  245789   13467    123469 |  345678   234579  1236789 |  235678   34567     458   
    47    2345678    2346  |  345678   23457    23678  |    1      345678     9    
Naked twins in the above board
[['F2', 'F3'], ['F5', 'F6'], ['F7', 'F8']]


after naked twins


    45     34568      7    |  34568      1       3689  |   3568    345689     2    
  24589    23456    123469 |  345678   234579   236789 |  35678     3467     1458  
  24589   1234568    2346  |  345678   234579   236789 |   367    3456789    1458  
---------------------------+---------------------------+---------------------------
    3        9        8    |    1        6        5    |    4        2        7    
    6        7        5    |    2        8        4    |    9        1        3    
    1        24       24   |    9        37       37   |    58       58       6    
---------------------------+---------------------------+---------------------------
  245789  12345678   1346  |  345678   234579  1236789 |  23567    345678    458   
  245789   13467    123469 |  345678   234579  1236789 |  235678   34567     458   
    47    2345678    2346  |  345678   23457    23678  |    1      345678     9    


before naked twins


   45    34568     7    | 34568     1      3689  |  3568   345689    2    
 24589   23456   123469 | 345678  234579  236789 | 35678    3467    1458  
 24589  1234568   2346  | 345678  234579  236789 |  367   3456789   1458  
------------------------+------------------------+------------------------
   3       9       8    |   1       6       5    |   4       2       7    
   6       7       5    |   2       8       4    |   9       1       3    
   1       24      24   |   9       37      37   |   58      58      6    
------------------------+------------------------+------------------------
 245789 1234568   1346  | 345678  234579 1236789 | 23567   345678   458   
 245789   1346   123469 | 345678  234579 1236789 | 235678  34567    458   
   47    234568   2346  | 345678  23457   23678  |   1     345678    9    
Naked twins in the above board
[['F2', 'F3'], ['F5', 'F6'], ['F7', 'F8']]


after naked twins


   45    34568     7    | 34568     1      3689  |  3568   345689    2    
 24589   23456   123469 | 345678  234579  236789 | 35678    3467    1458  
 24589  1234568   2346  | 345678  234579  236789 |  367   3456789   1458  
------------------------+------------------------+------------------------
   3       9       8    |   1       6       5    |   4       2       7    
   6       7       5    |   2       8       4    |   9       1       3    
   1       24      24   |   9       37      37   |   58      58      6    
------------------------+------------------------+------------------------
 245789 1234568   1346  | 345678  234579 1236789 | 23567   345678   458   
 245789   1346   123469 | 345678  234579 1236789 | 235678  34567    458   
   47    234568   2346  | 345678  23457   23678  |   1     345678    9    


before naked twins


   4      3568     7    |  3568     1      3689  |  3568   35689     2    
  2589    2356   12369  | 345678  234579  236789 | 35678    3467    1458  
  2589   123568   236   | 345678  234579  236789 |  367   3456789   1458  
------------------------+------------------------+------------------------
   3       9       8    |   1       6       5    |   4       2       7    
   6       7       5    |   2       8       4    |   9       1       3    
   1       24      24   |   9       37      37   |   58      58      6    
------------------------+------------------------+------------------------
 25789  1234568   1346  | 345678  234579 1236789 | 23567   345678   458   
 25789    1346   123469 | 345678  234579 1236789 | 235678   3567    458   
   7     234568   2346  | 345678  23457   23678  |   1     345678    9    
Naked twins in the above board
[['F2', 'F3'], ['F5', 'F6'], ['F7', 'F8']]


after naked twins


   4      3568     7    |  3568     1      3689  |  3568   35689     2    
  2589    2356   12369  | 345678  234579  236789 | 35678    3467    1458  
  2589   123568   236   | 345678  234579  236789 |  367   3456789   1458  
------------------------+------------------------+------------------------
   3       9       8    |   1       6       5    |   4       2       7    
   6       7       5    |   2       8       4    |   9       1       3    
   1       24      24   |   9       37      37   |   58      58      6    
------------------------+------------------------+------------------------
 25789  1234568   1346  | 345678  234579 1236789 | 23567   345678   458   
 25789    1346   123469 | 345678  234579 1236789 | 235678   3567    458   
   7     234568   2346  | 345678  23457   23678  |   1     345678    9    


before naked twins


   4      3568     7    |  3568     1      3689  |  3568   35689     2    
  2589    2356   12369  | 345678  234579  236789 | 35678    346     1458  
  2589   123568   236   | 345678  234579  236789 |   36   3456789   1458  
------------------------+------------------------+------------------------
   3       9       8    |   1       6       5    |   4       2       7    
   6       7       5    |   2       8       4    |   9       1       3    
   1       24      24   |   9       37      37   |   58      58      6    
------------------------+------------------------+------------------------
  2589  1234568   1346  | 345678  234579 1236789 | 23567   345678   458   
  2589    1346   123469 | 345678  234579 1236789 | 235678   3567    458   
   7     234568   2346  | 34568    2345    2368  |   1     34568     9    
Naked twins in the above board
[['F2', 'F3'], ['F5', 'F6'], ['F7', 'F8']]


after naked twins


   4      3568     7    |  3568     1      3689  |  3568   35689     2    
  2589    2356   12369  | 345678  234579  236789 | 35678    346     1458  
  2589   123568   236   | 345678  234579  236789 |   36   3456789   1458  
------------------------+------------------------+------------------------
   3       9       8    |   1       6       5    |   4       2       7    
   6       7       5    |   2       8       4    |   9       1       3    
   1       24      24   |   9       37      37   |   58      58      6    
------------------------+------------------------+------------------------
  2589  1234568   1346  | 345678  234579 1236789 | 23567   345678   458   
  2589    1346   123469 | 345678  234579 1236789 | 235678   3567    458   
   7     234568   2346  | 34568    2345    2368  |   1     34568     9    


before naked twins


   4      3568     7    |  3568     1      3689  |  568     5689     2    
  2589    2356   12369  | 345678  234579  236789 |  5678     46     1458  
  2589   12568     26   | 45678   24579   26789  |   3     456789   1458  
------------------------+------------------------+------------------------
   3       9       8    |   1       6       5    |   4       2       7    
   6       7       5    |   2       8       4    |   9       1       3    
   1       24      24   |   9       37      37   |   58      58      6    
------------------------+------------------------+------------------------
  2589  1234568   146   | 345678  234579 1236789 |  2567   345678   458   
  2589    146    123469 | 345678  234579 1236789 | 25678    3567    458   
   7     234568   2346  | 34568    2345    2368  |   1     34568     9    
Naked twins in the above board
[['F2', 'F3'], ['F5', 'F6'], ['F7', 'F8']]


after naked twins


   4      3568     7    |  3568     1      3689  |  568     5689     2    
  2589    2356   12369  | 345678  234579  236789 |  5678     46     1458  
  2589   12568     26   | 45678   24579   26789  |   3     456789   1458  
------------------------+------------------------+------------------------
   3       9       8    |   1       6       5    |   4       2       7    
   6       7       5    |   2       8       4    |   9       1       3    
   1       24      24   |   9       37      37   |   58      58      6    
------------------------+------------------------+------------------------
  2589  1234568   146   | 345678  234579 1236789 |  2567   345678   458   
  2589    146    123469 | 345678  234579 1236789 | 25678    3567    458   
   7     234568   2346  | 34568    2345    2368  |   1     34568     9    


before naked twins


   4      3568     7    |  3568     1      3689  |  568     5689     2    
  2589    2356   12369  | 35678   23579   236789 |  5678     4      158   
  2589   12568     26   | 45678   24579   26789  |   3     56789    158   
------------------------+------------------------+------------------------
   3       9       8    |   1       6       5    |   4       2       7    
   6       7       5    |   2       8       4    |   9       1       3    
   1       24      24   |   9       37      37   |   58      58      6    
------------------------+------------------------+------------------------
  2589  1234568    16   | 345678  234579 1236789 |  2567   35678    458   
  2589     16    123469 | 345678  234579 1236789 | 25678    3567    458   
   7     234568   2346  | 34568    2345    2368  |   1      3568     9    
Naked twins in the above board
[['G3', 'H2'], ['F2', 'F3'], ['F5', 'F6'], ['F7', 'F8']]


after naked twins


   4      3568     7    |  3568     1      3689  |  568     5689     2    
  2589    2356   12369  | 35678   23579   236789 |  5678     4      158   
  2589   12568     26   | 45678   24579   26789  |   3     56789    158   
------------------------+------------------------+------------------------
   3       9       8    |   1       6       5    |   4       2       7    
   6       7       5    |   2       8       4    |   9       1       3    
   1       24      24   |   9       37      37   |   58      58      6    
------------------------+------------------------+------------------------
  2589   23458     16   | 345678  234579 1236789 |  2567   35678    458   
  2589     16     2349  | 345678  234579 1236789 | 25678    3567    458   
   7     23458    234   | 34568    2345    2368  |   1      3568     9    


before naked twins


   4      3568     7    |  3568     1      3689  |  568     5689     2    
  589     356     1369  | 35678   23579   236789 |  5678     4      158   
  589     1568     2    | 45678    4579    6789  |   3     56789    158   
------------------------+------------------------+------------------------
   3       9       8    |   1       6       5    |   4       2       7    
   6       7       5    |   2       8       4    |   9       1       3    
   1       24      4    |   9       37      37   |   58      58      6    
------------------------+------------------------+------------------------
  2589   23458     16   | 345678  234579 1236789 |  567    35678    458   
  2589     16     349   | 345678  234579 1236789 | 25678    3567    458   
   7     23458     34   | 34568    2345    2368  |   1      3568     9    
Naked twins in the above board
[['G3', 'H2'], ['F5', 'F6'], ['F7', 'F8']]


after naked twins


   4      3568     7    |  3568     1      3689  |  568     5689     2    
  589     356     1369  | 35678   23579   236789 |  5678     4      158   
  589     1568     2    | 45678    4579    6789  |   3     56789    158   
------------------------+------------------------+------------------------
   3       9       8    |   1       6       5    |   4       2       7    
   6       7       5    |   2       8       4    |   9       1       3    
   1       24      4    |   9       37      37   |   58      58      6    
------------------------+------------------------+------------------------
  2589   23458     16   | 345678  234579 1236789 |  567    35678    458   
  2589     16     349   | 345678  234579 1236789 | 25678    3567    458   
   7     23458     34   | 34568    2345    2368  |   1      3568     9    


before naked twins


   4      3568     7    |  3568     1      3689  |  568     5689     2    
  589     356     1369  | 35678   23579   236789 |  5678     4      158   
  589     1568     2    | 45678    4579    6789  |   3     56789    158   
------------------------+------------------------+------------------------
   3       9       8    |   1       6       5    |   4       2       7    
   6       7       5    |   2       8       4    |   9       1       3    
   1       2       4    |   9       37      37   |   58      58      6    
------------------------+------------------------+------------------------
  2589    3458     16   | 345678  234579 1236789 |  567    35678    458   
  589      16      39   | 345678  34579   136789 |   2      3567    458   
   7      3458     3    | 34568    2345    2368  |   1      3568     9    
Naked twins in the above board
[['G3', 'H2'], ['F5', 'F6'], ['F7', 'F8']]


after naked twins


   4      3568     7    |  3568     1      3689  |  568     5689     2    
  589     356     1369  | 35678   23579   236789 |  5678     4      158   
  589     1568     2    | 45678    4579    6789  |   3     56789    158   
------------------------+------------------------+------------------------
   3       9       8    |   1       6       5    |   4       2       7    
   6       7       5    |   2       8       4    |   9       1       3    
   1       2       4    |   9       37      37   |   58      58      6    
------------------------+------------------------+------------------------
  2589    3458     16   | 345678  234579 1236789 |  567    35678    458   
  589      16      39   | 345678  34579   136789 |   2      3567    458   
   7      3458     3    | 34568    2345    2368  |   1      3568     9    


before naked twins


   4     3568    7   |  3568    1     3689 |  568    5689    2   
  589    356    169  | 35678  23579  236789|  5678    4     158  
  589    1568    2   | 45678   4579   6789 |   3    56789   158  
---------------------+---------------------+---------------------
   3      9      8   |   1      6      5   |   4      2      7   
   6      7      5   |   2      8      4   |   9      1      3   
   1      2      4   |   9      37     37  |   58     58     6   
---------------------+---------------------+---------------------
   2     458     16  | 345678 34579  136789|  567   35678   458  
  589     16     9   | 345678 34579  136789|   2     3567   458  
   7     458     3   |  4568   245    268  |   1     568     9   
Naked twins in the above board
[['G3', 'H2'], ['F5', 'F6'], ['F7', 'F8']]


after naked twins


   4     3568    7   |  3568    1     3689 |  568    5689    2   
  589    356    169  | 35678  23579  236789|  5678    4     158  
  589    1568    2   | 45678   4579   6789 |   3    56789   158  
---------------------+---------------------+---------------------
   3      9      8   |   1      6      5   |   4      2      7   
   6      7      5   |   2      8      4   |   9      1      3   
   1      2      4   |   9      37     37  |   58     58     6   
---------------------+---------------------+---------------------
   2     458     16  | 345678 34579  136789|  567   35678   458  
  589     16     9   | 345678 34579  136789|   2     3567   458  
   7     458     3   |  4568   245    268  |   1     568     9   


before naked twins


   4     3568    7   |  3568    1     3689 |  568    5689    2   
  589    356     16  | 35678  23579  236789|  5678    4     158  
  589    1568    2   | 45678   4579   6789 |   3    56789   158  
---------------------+---------------------+---------------------
   3      9      8   |   1      6      5   |   4      2      7   
   6      7      5   |   2      8      4   |   9      1      3   
   1      2      4   |   9      37     37  |   58     58     6   
---------------------+---------------------+---------------------
   2     458     16  | 345678 34579  136789|  567   35678   458  
   58     16     9   | 345678  3457  13678 |   2     3567   458  
   7     458     3   |  4568   245    268  |   1     568     9   
Naked twins in the above board
[['G3', 'H2'], ['G3', 'B3'], ['F5', 'F6'], ['F7', 'F8']]


after naked twins


   4     3568    7   |  3568    1     3689 |  568    5689    2   
  589    356     16  | 35678  23579  236789|  5678    4     158  
  589    1568    2   | 45678   4579   6789 |   3    56789   158  
---------------------+---------------------+---------------------
   3      9      8   |   1      6      5   |   4      2      7   
   6      7      5   |   2      8      4   |   9      1      3   
   1      2      4   |   9      37     37  |   58     58     6   
---------------------+---------------------+---------------------
   2     458     16  | 345678 34579  136789|  567   35678   458  
   58     16     9   | 345678  3457  13678 |   2     3567   458  
   7     458     3   |  4568   245    268  |   1     568     9   


before naked twins


   4     3568    7   |  3568    1     3689 |  568    5689    2   
  589    356     1   | 35678  23579  236789|  5678    4      58  
  589    568     2   | 45678   4579   6789 |   3    56789   158  
---------------------+---------------------+---------------------
   3      9      8   |   1      6      5   |   4      2      7   
   6      7      5   |   2      8      4   |   9      1      3   
   1      2      4   |   9      37     37  |   58     58     6   
---------------------+---------------------+---------------------
   2     458     6   | 345678 34579  136789|  567   35678   458  
   58     16     9   | 345678  3457  13678 |   2     3567   458  
   7     458     3   |  4568   245    268  |   1     568     9   
Naked twins in the above board
[['F5', 'F6'], ['F7', 'F8']]


after naked twins


   4     3568    7   |  3568    1     3689 |  568    5689    2   
  589    356     1   | 35678  23579  236789|  5678    4      58  
  589    568     2   | 45678   4579   6789 |   3    56789   158  
---------------------+---------------------+---------------------
   3      9      8   |   1      6      5   |   4      2      7   
   6      7      5   |   2      8      4   |   9      1      3   
   1      2      4   |   9      37     37  |   58     58     6   
---------------------+---------------------+---------------------
   2     458     6   | 345678 34579  136789|  567   35678   458  
   58     16     9   | 345678  3457  13678 |   2     3567   458  
   7     458     3   |  4568   245    268  |   1     568     9   


before naked twins


   4     3568    7   |  3568    1     3689 |  568    5689    2   
  589    356     1   | 35678   2357  236789|  5678    4      58  
  589    568     2   | 45678   457    6789 |   3    56789    1   
---------------------+---------------------+---------------------
   3      9      8   |   1      6      5   |   4      2      7   
   6      7      5   |   2      8      4   |   9      1      3   
   1      2      4   |   9      37     37  |   58     58     6   
---------------------+---------------------+---------------------
   2     458     6   | 34578    9      1   |   57    3578   458  
   58     1      9   | 345678  3457   3678 |   2     3567   458  
   7     458     3   |  4568   245    268  |   1     568     9   
Naked twins in the above board
[['F5', 'F6'], ['F7', 'F8']]


after naked twins


   4     3568    7   |  3568    1     3689 |  568    5689    2   
  589    356     1   | 35678   2357  236789|  5678    4      58  
  589    568     2   | 45678   457    6789 |   3    56789    1   
---------------------+---------------------+---------------------
   3      9      8   |   1      6      5   |   4      2      7   
   6      7      5   |   2      8      4   |   9      1      3   
   1      2      4   |   9      37     37  |   58     58     6   
---------------------+---------------------+---------------------
   2     458     6   | 34578    9      1   |   57    3578   458  
   58     1      9   | 345678  3457   3678 |   2     3567   458  
   7     458     3   |  4568   245    268  |   1     568     9   


before naked twins


   4     3568    7   |  3568    1     3689 |   68    689     2   
   89     36     1   |  3678   237   236789|  678     4      5   
  589    568     2   | 45678   457    6789 |   3     6789    1   
---------------------+---------------------+---------------------
   3      9      8   |   1      6      5   |   4      2      7   
   6      7      5   |   2      8      4   |   9      1      3   
   1      2      4   |   9      37     37  |   58     58     6   
---------------------+---------------------+---------------------
   2     458     6   | 34578    9      1   |   57    3578    48  
   58     1      9   | 345678  3457   3678 |   2     3567    48  
   7     458     3   |  4568   245    268  |   1     568     9   
Naked twins in the above board
[['G9', 'H9'], ['F5', 'F6'], ['F7', 'F8']]


after naked twins


   4     3568    7   |  3568    1     3689 |   68    689     2   
   89     36     1   |  3678   237   236789|  678     4      5   
  589    568     2   | 45678   457    6789 |   3     6789    1   
---------------------+---------------------+---------------------
   3      9      8   |   1      6      5   |   4      2      7   
   6      7      5   |   2      8      4   |   9      1      3   
   1      2      4   |   9      37     37  |   58     58     6   
---------------------+---------------------+---------------------
   2     458     6   | 34578    9      1   |   57    357     48  
   58     1      9   | 345678  3457   3678 |   2     3567    48  
   7     458     3   |  4568   245    268  |   1      56     9   


before naked twins


   4     358     7   |  358     1     389  |   6      89     2   
   89     36     1   |  3678   237   236789|   78     4      5   
  589    568     2   | 45678   457    6789 |   3     789     1   
---------------------+---------------------+---------------------
   3      9      8   |   1      6      5   |   4      2      7   
   6      7      5   |   2      8      4   |   9      1      3   
   1      2      4   |   9      37     37  |   58     58     6   
---------------------+---------------------+---------------------
   2     458     6   | 34578    9      1   |   57    357     48  
   58     1      9   | 345678  3457   3678 |   2     3567    48  
   7     458     3   |  4568   245    268  |   1      56     9   
Naked twins in the above board
[['G9', 'H9'], ['F5', 'F6'], ['F7', 'F8']]


after naked twins


   4     358     7   |  358     1     389  |   6      89     2   
   89     36     1   |  3678   237   236789|   78     4      5   
  589    568     2   | 45678   457    6789 |   3     789     1   
---------------------+---------------------+---------------------
   3      9      8   |   1      6      5   |   4      2      7   
   6      7      5   |   2      8      4   |   9      1      3   
   1      2      4   |   9      37     37  |   58     58     6   
---------------------+---------------------+---------------------
   2     458     6   | 34578    9      1   |   57    357     48  
   58     1      9   | 345678  3457   3678 |   2     3567    48  
   7     458     3   |  4568   245    268  |   1      56     9   


before naked twins


   4      35     7   |   35     1      39  |   6      8      2   
   89     36     1   |  3678   237   236789|   7      4      5   
  589    568     2   | 45678   457    6789 |   3      79     1   
---------------------+---------------------+---------------------
   3      9      8   |   1      6      5   |   4      2      7   
   6      7      5   |   2      8      4   |   9      1      3   
   1      2      4   |   9      37     37  |   58     5      6   
---------------------+---------------------+---------------------
   2     458     6   | 34578    9      1   |   57    357     48  
   58     1      9   | 345678  3457   3678 |   2     3567    48  
   7     458     3   |  4568   245    268  |   1      56     9   
Naked twins in the above board
[['G9', 'H9'], ['F5', 'F6'], ['A2', 'A4']]


after naked twins


   4      35     7   |   35     1      39  |   6      8      2   
   89     36     1   |  3678   237   236789|   7      4      5   
  589    568     2   | 45678   457    6789 |   3      79     1   
---------------------+---------------------+---------------------
   3      9      8   |   1      6      5   |   4      2      7   
   6      7      5   |   2      8      4   |   9      1      3   
   1      2      4   |   9      37     37  |   58     5      6   
---------------------+---------------------+---------------------
   2     458     6   | 34578    9      1   |   57    357     48  
   58     1      9   | 345678  3457   3678 |   2     3567    48  
   7     458     3   |  4568   245    268  |   1      56     9   


before naked twins


   4      35     7   |   35     1      9   |   6      8      2   
   89     36     1   |  368     23    2368 |   7      4      5   
   58    568     2   | 45678   457    678  |   3      9      1   
---------------------+---------------------+---------------------
   3      9      8   |   1      6      5   |   4      2      7   
   6      7      5   |   2      8      4   |   9      1      3   
   1      2      4   |   9      37     37  |   8      5      6   
---------------------+---------------------+---------------------
   2      48     6   |  3478    9      1   |   5      37     48  
   58     1      9   | 345678  3457   3678 |   2     367     48  
   7     458     3   |  4568   245    268  |   1      6      9   
Naked twins in the above board
[['G2', 'G9'], ['G9', 'H9'], ['C1', 'H1'], ['F5', 'F6'], ['A2', 'A4']]


after naked twins


   4      35     7   |   35     1      9   |   6      8      2   
   89     36     1   |  368     23    2368 |   7      4      5   
   58    568     2   | 45678   457    678  |   3      9      1   
---------------------+---------------------+---------------------
   3      9      8   |   1      6      5   |   4      2      7   
   6      7      5   |   2      8      4   |   9      1      3   
   1      2      4   |   9      37     37  |   8      5      6   
---------------------+---------------------+---------------------
   2      48     6   |   37     9      1   |   5      37     48  
   58     1      9   | 345678  3457   3678 |   2     367     48  
   7     458     3   |  4568   245    268  |   1      6      9   


before naked twins


   4      35     7   |   35     1      9   |   6      8      2   
   9      36     1   |  368     23    2368 |   7      4      5   
   58    568     2   | 45678   457    678  |   3      9      1   
---------------------+---------------------+---------------------
   3      9      8   |   1      6      5   |   4      2      7   
   6      7      5   |   2      8      4   |   9      1      3   
   1      2      4   |   9      37     37  |   8      5      6   
---------------------+---------------------+---------------------
   2      48     6   |   37     9      1   |   5      37     48  
   58     1      9   | 345678  3457   3678 |   2      37     48  
   7     458     3   |  458    245     28  |   1      6      9   
Naked twins in the above board
[['G4', 'G8'], ['G2', 'G9'], ['G9', 'H9'], ['G8', 'H8'], ['C1', 'H1'], ['F5', 'F6'], ['F6', 'H8'], ['A2', 'A4']]


after naked twins


   4      35     7   |   35     1      9   |   6      8      2   
   9      36     1   |  368     23    2368 |   7      4      5   
   58    568     2   | 45678   457    678  |   3      9      1   
---------------------+---------------------+---------------------
   3      9      8   |   1      6      5   |   4      2      7   
   6      7      5   |   2      8      4   |   9      1      3   
   1      2      4   |   9      37     37  |   8      5      6   
---------------------+---------------------+---------------------
   2      48     6   |   37     9      1   |   5      37     48  
   58     1      9   | 345678  3457    68  |   2      37     48  
   7     458     3   |  458    245     28  |   1      6      9   


before naked twins


   4      35     7   |   35     1      9   |   6      8      2   
   9      6      1   |   38     23    238  |   7      4      5   
   58     58     2   | 45678   457    678  |   3      9      1   
---------------------+---------------------+---------------------
   3      9      8   |   1      6      5   |   4      2      7   
   6      7      5   |   2      8      4   |   9      1      3   
   1      2      4   |   9      37     37  |   8      5      6   
---------------------+---------------------+---------------------
   2      48     6   |   37     9      1   |   5      37     48  
   58     1      9   | 345678  3457    68  |   2      37     48  
   7     458     3   |  458    245     28  |   1      6      9   
Naked twins in the above board
[['G4', 'G8'], ['G2', 'G9'], ['G9', 'H9'], ['G8', 'H8'], ['C2', 'C1'], ['C1', 'H1'], ['F5', 'F6'], ['F6', 'H8'], ['A2', 'A4']]


after naked twins


   4      35     7   |   35     1      9   |   6      8      2   
   9      6      1   |   38     23    238  |   7      4      5   
   58     58     2   |  467     47     67  |   3      9      1   
---------------------+---------------------+---------------------
   3      9      8   |   1      6      5   |   4      2      7   
   6      7      5   |   2      8      4   |   9      1      3   
   1      2      4   |   9      37     37  |   8      5      6   
---------------------+---------------------+---------------------
   2      48     6   |   37     9      1   |   5      37     48  
   58     1      9   | 345678  3457    68  |   2      37     48  
   7     458     3   |  458    245     28  |   1      6      9   


before naked twins


  4     3     7   |  5     1     9   |  6     8     2   
  9     6     1   |  38    23   238  |  7     4     5   
  58    58    2   | 467    47    67  |  3     9     1   
------------------+------------------+------------------
  3     9     8   |  1     6     5   |  4     2     7   
  6     7     5   |  2     8     4   |  9     1     3   
  1     2     4   |  9     37    37  |  8     5     6   
------------------+------------------+------------------
  2     48    6   |  37    9     1   |  5     37    48  
  58    1     9   |34678  3457   68  |  2     37    48  
  7    458    3   |  48   245    28  |  1     6     9   
Naked twins in the above board
[['G4', 'G8'], ['G2', 'G9'], ['G9', 'H9'], ['G8', 'H8'], ['C2', 'C1'], ['C1', 'H1'], ['F5', 'F6'], ['F6', 'H8']]


after naked twins


  4     3     7   |  5     1     9   |  6     8     2   
  9     6     1   |  38    23   238  |  7     4     5   
  58    58    2   | 467    47    67  |  3     9     1   
------------------+------------------+------------------
  3     9     8   |  1     6     5   |  4     2     7   
  6     7     5   |  2     8     4   |  9     1     3   
  1     2     4   |  9     37    37  |  8     5     6   
------------------+------------------+------------------
  2     48    6   |  37    9     1   |  5     37    48  
  58    1     9   |34678  3457   68  |  2     37    48  
  7    458    3   |  48   245    28  |  1     6     9   


before naked twins


  4    3    7  |  5    1    9  |  6    8    2  
  9    6    1  |  3    2    28 |  7    4    5  
  58   58   2  | 467   47   67 |  3    9    1  
---------------+---------------+---------------
  3    9    8  |  1    6    5  |  4    2    7  
  6    7    5  |  2    8    4  |  9    1    3  
  1    2    4  |  9    37   37 |  8    5    6  
---------------+---------------+---------------
  2    48   6  |  7    9    1  |  5    37   48 
  58   1    9  | 4678 3457  68 |  2    37   48 
  7   458   3  |  48  245   28 |  1    6    9  
Naked twins in the above board
[['G2', 'G9'], ['G9', 'H9'], ['G8', 'H8'], ['C2', 'C1'], ['C1', 'H1'], ['F5', 'F6'], ['F6', 'H8'], ['B6', 'I6']]


after naked twins


  4    3    7  |  5    1    9  |  6    8    2  
  9    6    1  |  3    2    28 |  7    4    5  
  58   58   2  | 467   47   67 |  3    9    1  
---------------+---------------+---------------
  3    9    8  |  1    6    5  |  4    2    7  
  6    7    5  |  2    8    4  |  9    1    3  
  1    2    4  |  9    37   37 |  8    5    6  
---------------+---------------+---------------
  2    48   6  |  7    9    1  |  5    37   48 
  58   1    9  | 4678 3457  68 |  2    37   48 
  7   458   3  |  48  245   28 |  1    6    9  


before naked twins


 4  3  7 | 5  1  9 | 6  8  2 
 9  6  1 | 3  2  8 | 7  4  5 
 58 58 2 | 6  4  7 | 3  9  1 
---------+---------+---------
 3  9  8 | 1  6  5 | 4  2  7 
 6  7  5 | 2  8  4 | 9  1  3 
 1  2  4 | 9  7  3 | 8  5  6 
---------+---------+---------
 2  48 6 | 7  9  1 | 5  3  48
 58 1  9 | 48 3  6 | 2  7  48
 7  48 3 | 48 5  2 | 1  6  9 
Naked twins in the above board
[['G2', 'I2'], ['G2', 'G9'], ['G9', 'H9'], ['C2', 'C1'], ['C1', 'H1'], ['I2', 'I4'], ['I4', 'H4'], ['H9', 'H4']]


after naked twins


 4  3  7 | 5  1  9 | 6  8  2 
 9  6  1 | 3  2  8 | 7  4  5 
 58 58 2 | 6  4  7 | 3  9  1 
---------+---------+---------
 3  9  8 | 1  6  5 | 4  2  7 
 6  7  5 | 2  8  4 | 9  1  3 
 1  2  4 | 9  7  3 | 8  5  6 
---------+---------+---------
 2  48 6 | 7  9  1 | 5  3  48
 58 1  9 | 48 3  6 | 2  7  48
 7  48 3 | 48 5  2 | 1  6  9 


before naked twins


 4  3  7 | 5  1  9 | 6  8  2 
 9  6  1 | 3  2  8 | 7  4  5 
 8  5  2 | 6  4  7 | 3  9  1 
---------+---------+---------
 3  9  8 | 1  6  5 | 4  2  7 
 6  7  5 | 2  8  4 | 9  1  3 
 1  2  4 | 9  7  3 | 8  5  6 
---------+---------+---------
 2  48 6 | 7  9  1 | 5  3  48
 5  1  9 | 48 3  6 | 2  7  48
 7  48 3 | 48 5  2 | 1  6  9 
Naked twins in the above board
[['G2', 'I2'], ['G2', 'G9'], ['G9', 'H9'], ['I2', 'I4'], ['I4', 'H4'], ['H9', 'H4']]


after naked twins


 4  3  7 | 5  1  9 | 6  8  2 
 9  6  1 | 3  2  8 | 7  4  5 
 8  5  2 | 6  4  7 | 3  9  1 
---------+---------+---------
 3  9  8 | 1  6  5 | 4  2  7 
 6  7  5 | 2  8  4 | 9  1  3 
 1  2  4 | 9  7  3 | 8  5  6 
---------+---------+---------
 2  48 6 | 7  9  1 | 5  3  48
 5  1  9 | 48 3  6 | 2  7  48
 7  48 3 | 48 5  2 | 1  6  9 


before naked twins


 4  3  7 | 5  1  9 | 6  8  2 
 9  6  1 | 3  2  8 | 7  4  5 
 8  5  2 | 6  4  7 | 3  9  1 
---------+---------+---------
 3  9  8 | 1  6  5 | 4  2  7 
 6  7  5 | 2  8  4 | 9  1  3 
 1  2  4 | 9  7  3 | 8  5  6 
---------+---------+---------
 2  4  6 | 7  9  1 | 5  3  8 
 5  1  9 | 48 3  6 | 2  7  48
 7  8  3 | 48 5  2 | 1  6  9 
Naked twins in the above board
[['I4', 'H4'], ['H9', 'H4']]


after naked twins


 4  3  7 | 5  1  9 | 6  8  2 
 9  6  1 | 3  2  8 | 7  4  5 
 8  5  2 | 6  4  7 | 3  9  1 
---------+---------+---------
 3  9  8 | 1  6  5 | 4  2  7 
 6  7  5 | 2  8  4 | 9  1  3 
 1  2  4 | 9  7  3 | 8  5  6 
---------+---------+---------
 2  4  6 | 7  9  1 | 5  3  8 
 5  1  9 | 48 3  6 | 2  7  48
 7  8  3 | 48 5  2 | 1  6  9 


before naked twins


4 3 7 |5 1 9 |6 8 2 
9 6 1 |3 2 8 |7 4 5 
8 5 2 |6 4 7 |3 9 1 
------+------+------
3 9 8 |1 6 5 |4 2 7 
6 7 5 |2 8 4 |9 1 3 
1 2 4 |9 7 3 |8 5 6 
------+------+------
2 4 6 |7 9 1 |5 3 8 
5 1 9 |8 3 6 |2 7 4 
7 8 3 |4 5 2 |1 6 9 
Naked twins in the above board
[]


after naked twins


4 3 7 |5 1 9 |6 8 2 
9 6 1 |3 2 8 |7 4 5 
8 5 2 |6 4 7 |3 9 1 
------+------+------
3 9 8 |1 6 5 |4 2 7 
6 7 5 |2 8 4 |9 1 3 
1 2 4 |9 7 3 |8 5 6 
------+------+------
2 4 6 |7 9 1 |5 3 8 
5 1 9 |8 3 6 |2 7 4 
7 8 3 |4 5 2 |1 6 9 
